0.2392159688
0.2407307729
0.2371038528
0.2281170212
0.2158345768
0.1941808342
0.1650531358
0.1263145709
0.07659871881
0.01458970408
-0.05759537317
-0.1383779997
-0.2259762981
-0.3251527991
-0.4315804326
-0.5511975735
-0.6765043217
-0.8102095061
-0.9488994823
-0.9966736068
-1
-1
-1
-1
-1
-1
-1
-1
-1
-1
-1
-1
-1
-1
-1
-1
-1
-1
-1
-1
-1
-1
-1
-1
-1
-1
-1
-1
-1
-1
-1
-1
-1
-1
-1
-1
-1
-1
-1
-1
-1
-1
-1
-1
-1
-1
-1
-1
-1
-1
-1
-1
-1
-1
-1
-1
-1
-0.995623046
-0.9820614042
-0.9610827326
-0.9315979819
-0.8928522964
-0.8442407586
-0.7881251486
-0.7309867751
-0.6737380989
-0.6159013508
-0.5625734503
-0.5140874959
-0.4717780188
-0.4396847546
-0.4137230644
-0.3964201298
-0.3868935038
-0.3844562592
-0.3890996344
-0.4002552971
-0.4173615384
-0.4414753077
-0.4709965651
-0.5062969497
-0.546909331
-0.5919035166
-0.6382173699
-0.6819354349
-0.7220819898
-0.7604546804
-0.7957527703
-0.8263086819
-0.8528521337
-0.8785079492
-0.9028036266
-0.9267685526
-0.9509524149
-0.9730690549
-0.992750067
-0.9994771186
-1
-0.9944068488
-0.9822242244
-0.9623040407
-0.9363871496
-0.9055688585
-0.8675905976
-0.8267209999
-0.7848897615
-0.7395625299
-0.6942896934
-0.6517293625
-0.6077998189
-0.5639050611
-0.5211087922
-0.4739933543
-0.4236253451
-0.3745721797
-0.3254202113
-0.2758818447
-0.2285984235
-0.1822996422
-0.138267332
-0.1034788051
-0.07740007156
-0.0615289784
-0.05247676774
-0.05044920416
-0.05051123308
-0.05954480899
-0.07167331864
-0.08608627897
-0.1032930704
-0.1255886457
-0.1507095457
-0.1771053928
-0.2045690761
-0.233121561
-0.2647400285
-0.2988106301
-0.3368134549
-0.3733312622
-0.4041658509
-0.4297853422
-0.4441485425
-0.4466331938
-0.4406394068
-0.4272646797
-0.4078866999
-0.3842771152
-0.3585369951
-0.3347639383
-0.3065120737
-0.2666079499
-0.2177943341
-0.1677352635
-0.1192439634
-0.07514942876
-0.03459867865
0.00383347154
0.03844975901
0.06748475268
0.09144117778
0.1098677193
0.127612451
0.1496436
0.1786760838
0.2157241521
0.2582287058
0.3015729936
0.3440214051
0.3855628839
0.4302157832
0.4770821927
0.5237373844
0.5669700658
0.6036873305
0.6354885926
0.6612292082
0.6831643052
0.6971004544
0.7001705179
0.693
0.6770763308
0.6549107195
0.6289151823
0.597894383
0.5656712068
0.5351243697
0.504
0.4709639176
0.4398133628
0.4082829288
0.375198975
0.3355195504
0.2914546188
0.2437051364
0.1956904975
0.1538418011
0.1182048632
0.08640259064
0.05797024562
0.03379919979
0.0156931324
0.003105812225
-0.001679971291
-0.0008811814147
0.004277886138
0.01000589562
0.01322794791
0.01390522114
0.01282484464
0.008225915619
0.0004729480471
-0.01129765288
-0.02556820256
-0.03779137884
-0.04656988972
-0.05190103305
-0.05638336773
-0.05786878286
-0.05521073746
-0.04965117905
-0.0407278862
-0.02835804394
-0.0128829336
0.005914295086
0.02537824509
0.04540325699
0.0698651836
0.1020687178
0.1426151979
0.184088722
0.221212607
0.2524068918
0.2758794457
0.2948638824
0.3093926148
0.3185471064
0.3224735407
0.3181730945
0.3066099379
0.2918443026
0.2766454882
0.2608587322
0.2444698491
0.2277379327
0.2076433379
0.1834467894
0.1572591875
0.1310394595
0.1074923341
0.08521671362
0.07865097628
0.04919405227
0.02409928394
0.007841001362
-0.005734788086
-0.01558471705
-0.02100770589
-0.02434945966
-0.02806857454
-0.03253905104
-0.03581363397
-0.03663945964
-0.0338673925
-0.02728515377
-0.01755991786
-0.005212948154
0.01021605079
0.03082117575
0.05557570092
0.08121463862
0.105321263
0.1256350615
0.1402497283
0.1499215209
0.1534854428
0.1539213468
0.1466579323
0.139760042
0.1345305635
0.1311188488
0.1288619998
0.1248566718
0.1176503774
0.1105947778
0.1031985634
0.09307158348
0.08232584625
0.07148636482
0.06202019664
0.05537550688
0.04862491813
0.03953306828
0.02699822843
0.01068577241
-0.007818284857
-0.02664281214
-0.0444429397
-0.06358780417
-0.08455764895
-0.1072937046
-0.1299784813
-0.1501139246
-0.1680129366
-0.1829560862
-0.1931314637
-0.200079942
-0.2001714306
-0.1934382901
-0.1796640876
-0.1576533173
-0.1284219106
-0.08931794362
-0.04281998529
0.006458529237
0.05597658445
0.1020972713
0.1444364689
0.187559995
0.2333879822
0.2795509583
0.3276252727
0.3760804311
0.4242665867
0.4666319192
0.5029201771
0.5337673607
0.5627152009
0.588333936
0.6108722815
0.6311561769
0.6477213356
0.661052359
0.6729289001
0.6836334173
0.693915186
0.7012744829
0.708927555
0.7162231215
0.719932523
0.7197385677
0.7115436828
0.6926792751
0.6647967026
0.6301917722
0.5878042749
0.5397372618
0.4839895357
0.4256402585
0.3644896337
0.3057502815
0.2495268982
0.194540873
0.1418147738
0.09485618468
0.05194473036
0.01111472296
-0.02946603441
-0.06986592026
-0.1108845764
-0.1544046444
-0.2008587489
-0.24552526
-0.2858194327
-0.3183844426
-0.3408540771
-0.3555518359
-0.3612881458
-0.3582655672
-0.3486063694
-0.3326565325
-0.3121333611
-0.2891155514
-0.2629623049
-0.2359192318
-0.2090018985
-0.179838929
-0.1482959784
-0.1146913076
-0.07788821933
-0.03737190945
0.007244311129
0.05471461688
0.1070616454
0.1604398926
0.2150688424
0.2683230382
0.3203574253
0.3705471771
0.4190365736
0.4670000118
0.509032246
0.5447917294
0.5730662803
0.5925242361
0.6003921245
0.59915564
0.5933030821
0.5878712387
0.584827773
0.5852625166
0.588705575
0.5941776802
0.5986389126
0.6020647086
0.605755283
0.6085599422
0.6084978285
0.607630271
0.6080776355
0.6081213393
0.6035438589
0.5973814628
0.5903225645
0.5820882523
0.5739907884
0.5675431179
0.5645381929
0.5658653707
0.5724348696
0.5830741961
0.5950904017
0.6067363244
0.6187792321
0.6308589596
0.6435316614
0.658698767
0.6779631325
0.7046754021
0.7380863001
0.7728860725
0.8071230146
0.8402550009
0.8723059172
0.9022141986
0.9292398528
0.9521355474
0.9692553483
0.9824732006
0.9926873796
0.9986072143
0.9968670927
0.9877088983
0.9710869455
0.9476213279
0.920539349
0.8916644702
0.8619011207
0.8284989321
0.7908285797
0.7493371152
0.7043015205
0.6544649718
0.5994886861
0.5424904986
0.4836038155
0.4231175098
0.358703466
0.2973433966
0.2437286051
0.1997368826
0.1646680684
0.1398412174
0.1275594119
0.1239218636
0.1306892944
0.1443886059
0.1643824159
0.1892940408
0.2177455584
0.2493971427
0.2828027212
0.3146681049
0.3441823478
0.3706208947
0.3925514023
0.4129858883
0.4329327219
0.4536530298
0.4753720067
0.4973733374
0.5180969309
0.5368981819
0.5508775656
0.5581749574
0.5545058698
0.5389736443
0.5143960825
0.4795763357
0.4355417048
0.384215158
0.3254846979
0.2630194119
0.1928285748
0.1207478862
0.04824251942
-0.02481251065
-0.09471600518
-0.1623964211
-0.2273530991
-0.2872832241
-0.3417458594
-0.3895917197
-0.4291753401
-0.459141563
-0.4810668553
-0.4940099159
-0.4994725292
-0.4974866649
-0.4886901483
-0.4749662078
-0.460842518
-0.4483648145
-0.4362364548
-0.4226878511
-0.4104702323
-0.4021812382
-0.3953816684
-0.3764200224
-0.3548887164
-0.3367483946
-0.3195408209
-0.3011656823
-0.28076254
-0.2577139863
-0.2321215882
-0.2061629229
-0.1773780332
-0.1452384967
-0.1127975055
-0.08069340659
-0.04977662872
-0.01978733323
0.01202395929
0.04327902542
0.07384157347
0.1047601408
0.1337329165
0.1584714602
0.1769582835
0.1887646143
0.1983189594
0.2060722687
0.2093856238
0.2080425786
0.2025247487
0.1922451965
0.1762084604
0.1547132048
0.1291821512
0.09582390111
0.05326187858
0.005116543779
-0.04790909846
-0.1021700763
-0.1593465798
-0.2203912828
-0.2842763173
-0.3469507089
-0.4064805892
-0.4605038916
-0.5072698553
-0.546712038
-0.5804435177
-0.6067797153
-0.6256852713
-0.638834856
-0.6469376916
-0.6488901783
-0.6435729663
-0.631222202
-0.6128102176
-0.5895753751
-0.5655533421
-0.5414137573
-0.5164279454
-0.4925069319
-0.472076905
-0.4545962606
-0.4361665443
-0.4183711594
-0.402900161
-0.3919640083
-0.3863746903
-0.3866828858
-0.3922699872
-0.400510662
-0.4107109945
-0.4227049832
-0.4373412803
-0.4509910078
-0.4616950556
-0.4691444199
-0.4714301092
-0.4735020252
-0.476523274
-0.4793583381
-0.4803589367
-0.4906342906
-0.5128646753
-0.5426373601
-0.5716936777
-0.5971255502
-0.6189822098
-0.6347654455
-0.6455385954
-0.6518028455
-0.6530817822
-0.6504936081
-0.6448082513
-0.6340617513
-0.6199754028
-0.6047287124
-0.5875700057
-0.5707786092
-0.5530442428
-0.5336991973
-0.5131278892
-0.4916828174
-0.4724077085
-0.4561670429
-0.443139756
-0.4326543577
-0.4244775958
-0.418604542
-0.4172936879
-0.4206914258
-0.4259987029
-0.4304583447
-0.4330535854
-0.4351322813
-0.4364340608
-0.4367198045
-0.4368075512
-0.4373139263
-0.436310042
-0.4330933778
-0.4259408135
-0.4129783261
-0.3947153937
-0.3741714396
-0.3513246901
-0.3263125933
-0.2972800834
-0.2681373491
-0.2409389658
-0.2127368286
-0.1818953557
-0.151
-0.1176752542
-0.08628631655
-0.05799194108
-0.03398619924
-0.01161016312
0.009284260124
0.03010319827
0.05074454398
0.07205610523
0.09303341434
0.1138960987
0.1363145063
0.1595495836
0.1838750009
0.2091624109
0.2356674132
0.2627574758
0.28975854
0.3175189973
0.3467164657
0.3772889358
0.4086456758
0.43706834
0.4625250111
0.4848226725
0.5047843696
0.5231264696
0.5434405614
0.5652639476
0.5855264084
0.6043040343
0.6210318046
0.6354856721
0.645828042
0.6526015616
0.6532464277
0.6487316868
0.6419021032
0.6357450267
0.631990096
0.6281035324
0.6235806556
0.6203945006
0.6182572895
0.6190625247
0.6219015003
0.6235113449
0.6241406696
0.6251323501
0.6284559271
0.6367308661
0.6448912781
0.6471324813
0.6502242924
0.6500756055
0.6451755095
0.6365360242
0.6251582699
0.6142737743
0.6047855587
0.5978352941
0.5949916248
0.5963896779
0.6005256872
0.6081045984
0.6183548669
0.6296152259
0.6409469295
0.6489999594
0.6509471788
0.6465746578
0.6367065109
0.6223808343
0.6043777258
0.5884982687
0.574532549
0.5614330829
0.5487467693
0.536724879
0.5269896167
0.5198817472
0.5161424624
0.5168041738
0.5229686039
0.535980245
0.5512549935
0.5682289238
0.5844769429
0.6007233974
0.61707859
0.6352099416
0.6577398905
0.6830431027
0.7096577427
0.7347178198
0.760234023
0.7866891284
0.8151105931
0.848011648
0.8822063987
0.9158267413
0.9490908822
0.983194053
0.9981686115
1
1
1
1
1
1
1
1
1
1
1
0.9992373213
0.9930238678
0.9831969736
0.969512356
0.9501157839
0.9235178848
0.8935832664
0.8660834413
0.8412353643
0.8156718587
0.7884703984
0.7590670057
0.7280392179
0.6947719479
0.6626402995
0.6334901595
0.6037361974
0.5724942192
0.5374262263
0.5014043636
0.4631241916
0.4203491487
0.3740260905
0.3231563999
0.2699789074
0.2150203014
0.1547513414
0.09300660794
0.03513124408
-0.02157534716
-0.07879086243
-0.1346714406
-0.1891940122
-0.2405864146
-0.2881096332
-0.3314765813
-0.3685976892
-0.3986203672
-0.407065167
-0.4309645111
-0.4489232639
-0.4566084098
-0.4646204479
-0.474257194
-0.4852016128
-0.4959400813
-0.5058556349
-0.5143839309
-0.5226213723
-0.5329748507
-0.5457959786
-0.5622733125
-0.5773358001
-0.596032433
-0.6200110751
-0.63771003
-0.6543064281
-0.6681341522
-0.6781283518
-0.6860672198
-0.6937872037
-0.70092407
-0.705539361
-0.7082706416
-0.7126896305
-0.723420902
-0.7404500097
-0.7618318204
-0.7876252665
-0.8170643315
-0.8490819745
-0.882249581
-0.9175910617
-0.9504656231
-0.98473975
-0.9986055454
-1
-1
-1
-1
-1
-1
-1
-1
-1
-1
-1
-1
-1
-1
-1
-1
-0.9982979497
-0.9958515785
-0.989867179
-0.9809854973
-0.9705967116
-0.9585868164
-0.9410263265
-0.9183298546
-0.892515391
-0.8661485799
-0.8397819774
-0.8121549523
-0.7823402847
-0.7519299308
-0.7184094602
-0.6830650589
-0.6490415772
-0.6159965813
-0.5851961264
-0.5566187256
-0.5295378419
-0.5051281591
-0.4831845613
-0.464898108
-0.4493897684
-0.4345755008
-0.4208107769
-0.4065309164
-0.3912833655
-0.37476032
-0.3566124621
-0.339246449
-0.3226806906
-0.3065074582
-0.2913492967
-0.2800801501
-0.2755932325
-0.2762545528
-0.2802238825
-0.2848335411
-0.2894247116
-0.298842391
-0.3141185475
-0.3345823171
-0.3584614261
-0.3831232403
-0.4060116075
-0.4272462698
-0.448711316
-0.470264865
-0.4901262206
-0.5060445835
-0.5160865027
-0.5195671631
-0.5178821146
-0.5111489611
-0.4999957756
-0.4853159834
-0.4676000789
-0.4472814498
-0.4236955946
-0.3989924755
-0.3749614984
-0.3541362074
-0.3364299512
-0.3194879904
-0.3021583537
-0.2867431584
-0.2723328383
-0.2572669347
-0.2404058365
-0.2215601776
-0.1956260631
-0.160629089
-0.1180320036
-0.06813736348
-0.01192199048
0.04860871173
0.1110032495
0.174140182
0.2380895858
0.3018817627
0.3641428975
0.4259209434
0.4872912086
0.5434953216
0.5929446377
0.6393542431
0.6842686874
0.7294340897
0.7736960535
0.8152814448
0.8527344254
0.8869294369
0.9187693962
0.9485909479
0.977632402
0.995846989
1
1
1
1
1
1
1
1
1
1
1
1
1
1
1
1
1
1
1
1
1
1
1
1
1
1
1
1
1
1
1
1
1
1
1
1
1
1
1
1
1
1
1
1
1
1
1
1
1
1
0.9957317319
0.9863553313
0.9738196342
0.9597761029
0.9449307785
0.9284707071
0.9129811945
0.896769265
0.8791841591
0.860861877
0.8410456334
0.8212939546
0.8000490964
0.7773571618
0.7516619189
0.7242542995
0.696299913
0.6695598461
0.6427351357
0.6156932621
0.5917072665
0.5712079811
0.5512942122
0.5296549244
0.5051714979
0.4778152488
0.44830995
0.4182253409
0.3865260892
0.3532072664
0.3236840532
0.300732086
0.2835429744
0.2726768365
0.268669983
0.2680655351
0.2680961486
0.2691321067
0.2695846603
0.2707945992
0.2725583981
0.2731309286
0.2717269041
0.2659865002
0.2549054939
0.2401394674
0.2239787777
0.2063522757
0.1877063611
0.1693829708
0.1505634534
0.1308250344
0.1117693573
0.09347171731
0.07800019083
0.06574960513
0.05632876402
0.05022959308
0.04658589077
0.04450021296
0.04481808269
0.0471864077
0.05248556196
0.05976956688
0.06985853415
0.08151807513
0.09457941116
0.1092916423
0.1238547954
0.1372597841
0.1492970203
0.1604235036
0.1720596607
0.186
0.2004702516
0.2135681009
0.2263137772
0.2367519514
0.2452276776
0.2529339454
0.2594185138
0.2644358749
0.2672040012
0.2693277569
0.2739452905
0.2826408919
0.2963877796
0.3133077581
0.3297725753
0.3440983301
0.3588491802
0.3747339829
0.3920584305
0.4089253437
0.4258818029
0.4453456519
0.4662755609
0.4865673835
0.5068301051
0.5255309624
0.5425231982
0.5562364997
0.5681293646
0.5769305227
0.5833406955
0.5895834066
0.5949724848
0.6020344601
0.609402988
0.6130643048
0.6130034428
0.611217792
0.6077494917
0.6021365748
0.595759571
0.590951159
0.5809905978
0.5695852027
0.5532920195
0.5279863561
0.4950810247
0.458390775
0.4208559932
0.3853279628
0.3525929877
0.3241504795
0.2995806884
0.2784090785
0.2618868674
0.2526430385
0.2491397439
0.2520850846
0.2611924042
0.2748146733
0.2948426824
0.3190161924
0.3483136372
0.3843363084
0.4228645961
0.4592552033
0.4992856667
0.5450606278
0.5943564591
0.6464647724
0.7007822151
0.7578092429
0.8180791678
0.8382725264
0.922088801
0.9876255585
1
1
1
1
1
1
1
1
1
1
1
1
1
1
1
1
1
1
1
1
1
0.9957448744
0.9840340218
0.9645969793
0.9432631489
0.9277264904
0.9206225845
0.924098134
0.9328227322
0.9427417278
0.9564856949
0.9748395292
0.9919038399
0.9991009945
1
1
0.9973402205
0.9918028726
0.9844440451
0.9747003863
0.9666721288
0.9597414736
0.9534792054
0.9472427005
0.9421609571
0.9400571237
0.9366245479
0.9266347291
0.9104901807
0.8897795731
0.8661721528
0.844703821
0.8240273734
0.7973439964
0.7658843334
0.7284988904
0.6879706832
0.6456148946
0.6020072886
0.5627686051
0.5290319623
0.4977183786
0.468542058
0.4433582751
0.4222298997
0.404558716
0.3890165293
0.3746243061
0.3602848353
0.3468033519
0.3344665906
0.3214679354
0.3072302141
0.289128772
0.2676943915
0.2442858549
0.221658433
0.1987788796
0.1722975545
0.1421415616
0.1093596492
0.07356962406
0.03420356124
-0.005493831134
-0.0425575309
-0.07592032803
-0.1103508082
-0.1464524774
-0.1818802706
-0.2163489525
-0.2476191323
-0.2778268475
-0.3059331805
-0.3300137808
-0.3515685032
-0.3691781991
-0.3835537856
-0.3954965344
-0.4023734985
-0.4128079699
-0.4250298391
-0.436268998
-0.4452118806
-0.4551069383
-0.4654668836
-0.4761231075
-0.4884017448
-0.502772794
-0.5180050903
-0.5305722875
-0.5368885858
-0.5391654092
-0.5404410603
-0.5404991582
-0.5373798106
-0.530936573
-0.524781739
-0.5216938915
-0.5222209451
-0.5247146709
-0.5278880485
-0.5298411611
-0.5312951217
-0.5331135764
-0.535866709
-0.5410040469
-0.5494427971
-0.5624481278
-0.5863889593
-0.618044455
-0.644598233
-0.665369859
-0.6826405373
-0.6946608108
-0.7024384232
-0.7086202201
-0.7193528996
-0.7313194039
-0.742108669
-0.7549614535
-0.7686985887
-0.7824937696
-0.7976707842
-0.8130610505
-0.8273095413
-0.8393269986
-0.8437025444
-0.8441371316
-0.837628234
-0.8303204116
-0.8247449923
-0.8206531042
-0.8189629968
-0.8207113064
-0.8274716835
-0.8405910197
-0.8594303941
-0.8800384176
-0.9022169105
-0.9254988469
-0.9496266973
-0.9744349299
-0.9946282885
-1
-1
-1
-1
-1
-1
-1
-1
-0.9971321319
-0.9896409412
-0.9793616759
-0.9690137778
-0.9579585869
-0.9445571577
-0.9267439366
-0.9059413319
-0.8823828829
-0.8539351333
-0.8209168917
-0.7842965264
-0.7468346277
-0.7120747
-0.6809018238
-0.6531585507
-0.6279041532
-0.6055248731
-0.5881340354
-0.574428296
-0.5635061463
-0.5549248633
-0.5470374177
-0.5408399229
-0.5377699637
-0.5377262599
-0.5402432457
-0.5436088055
-0.5486742251
-0.5525826407
-0.5557313502
-0.5593284672
-0.5631026421
-0.5659073014
-0.5688777535
-0.5688832817
-0.5643332856
-0.5576172381
-0.5509576197
-0.5440136656
-0.5349112223
-0.5221045406
-0.508116969
-0.4939817535
-0.478027301
-0.4554940666
-0.4321721292
-0.4119530855
-0.3929200425
-0.374443389
-0.3563756113
-0.3378570011
-0.3191501984
-0.2995941437
-0.279088626
-0.2568665336
-0.2300839625
-0.2007367641
-0.1707574901
-0.1420484041
-0.1147056756
-0.09068859709
-0.0681028385
-0.04451056524
-0.01938213408
0.006784991091
0.03136968682
0.05287842378
0.07046571357
0.08423218451
0.09108128615
0.09225640019
0.08812514987
0.08115549113
0.07143710675
0.06368203729
0.05888158516
0.05507647726
0.05383458842
0.05501283813
0.05868497009
0.06454244987
0.07506355308
0.09408870792
0.122772213
0.1576415569
0.1954945604
0.236691324
0.2778593386
0.3180551515
0.361
0.4045719888
0.4446737707
0.4760588034
0.5044096014
0.5169308523
0.5426130049
0.5569317973
0.5635589247
0.5626131384
0.5570454377
0.5462823011
0.5321405665
0.5184199637
0.503597795
0.4840596809
0.460838085
0.4333677783
0.4038598198
0.3743962692
0.3442174986
0.3157372841
0.291570945
0.2729104799
0.2598699462
0.2516355558
0.2461794354
0.2433960023
0.2430104907
0.2431649665
0.242586986
0.2408667345
0.2382546485
0.2381427031
0.2413260158
0.2485979312
0.251345014
0.2670488213
0.2789102904
0.2821102659
0.2795843098
0.273524915
0.2678413574
0.2615290749
0.2499075857
0.2321475341
0.2088632379
0.1794768991
0.1446420281
0.1039472979
0.05995890667
0.01248196859
-0.038431636
-0.08907686851
-0.1375204686
-0.1870545717
-0.2350216605
-0.2837595899
-0.3325443784
-0.3781149799
-0.4150668267
-0.4442337076
-0.4688854825
-0.4884248483
-0.5020030226
-0.5085902011
-0.5110106004
-0.5124694112
-0.5160232938
-0.5229839367
-0.533999961
-0.5460852166
-0.5578231363
-0.5664845778
-0.5724923417
-0.5767444424
-0.5791512821
-0.5789350577
-0.5734569029
-0.5625352225
-0.5456127668
-0.5227331351
-0.4967837008
-0.4700612615
-0.4449527868
-0.420152977
-0.3946015708
-0.3663312441
-0.3352846553
-0.3017248878
-0.2695504222
-0.2426089422
-0.218803603
-0.1958997726
-0.1734645197
-0.1515752648
-0.1296678217
-0.1077816503
-0.08586377016
-0.06291265044
-0.04013758791
-0.01928855938
-0.001468136745
0.01264230749
0.02343780721
0.0322122013
0.04094284267
0.04957106297
0.05938133034
0.07104787932
0.08421421796
0.09710010633
0.108573717
0.1144221483
0.1164332415
0.1162171996
0.1130492718
0.1055663995
0.09585508833
0.08742850278
0.0825044035
0.08107855309
0.08543534358
0.09728854649
0.1166243805
0.1432686823
0.1739628633
0.209001051
0.2440118455
0.2765666597
0.3096235724
0.3441589835
0.3787127001
0.4141727497
0.4507910028
0.4864552556
0.518271329
0.5466713069
0.5705995174
0.5901883239
0.6069777906
0.6215700188
0.6337084179
0.6430777779
0.6509247532
0.6589372606
0.666139109
0.6689306258
0.6670220514
0.6620490461
0.6546387962
0.6451152733
0.6341833189
0.6245280586
0.6160725675
0.6082022279
0.6005941634
0.5911247227
0.580058997
0.5681167958
0.5559906526
0.5444341194
0.5316038126
0.5183641084
0.5077189408
0.5006453877
0.4948988559
0.4879851503
0.481337214
0.474519104
0.468009372
0.4620142291
0.4566776163
0.4495656267
0.4362919973
0.4144466287
0.3852367741
0.3527321828
0.3161938274
0.2779300835
0.240757136
0.2076680321
0.1785897453
0.153900916
0.134000446
0.118
0.1134084985
0.09831818102
0.08621534346
0.0820795624
0.08002785545
0.07877313708
0.0762392734
0.07423482969
0.07447226064
0.07585220377
0.07771177425
0.0770487851
0.0747679199
0.07333203665
0.07393951594
0.07606115292
0.07693882799
0.07403045693
0.07042614283
0.06594414713
0.06159654202
0.05559649675
0.04135212275
0.01680158409
-0.01835558306
-0.06336239438
-0.1159294349
-0.1728968915
-0.2289311567
-0.2817794624
-0.3299108578
-0.375749784
-0.4186518704
-0.4602588268
-0.5007577242
-0.5383266399
-0.5748335734
-0.6104859355
-0.6458038954
-0.678893586
-0.7097714352
-0.7194451053
-0.7419299944
-0.7531046667
-0.7493385233
-0.7366030819
-0.7166327275
-0.6911701371
-0.6612340063
-0.6300718213
-0.6008648351
-0.573568405
-0.5491663365
-0.529559068
-0.5123808562
-0.5070682336
-0.4892149593
-0.4763385497
-0.4724922999
-0.4703006938
-0.469469956
-0.4694918079
-0.4685040388
-0.4661134186
-0.4638117706
-0.4624903818
-0.4613205482
-0.4596295021
-0.4574937513
-0.4562545549
-0.4566543041
-0.4570598422
-0.4561073283
-0.4582170027
-0.4656940601
-0.4785119546
-0.4984934696
-0.5288064026
-0.5682751309
-0.615519542
-0.6706800827
-0.7325229281
-0.7961735891
-0.8575543109
-0.9126696353
-0.9612844586
-0.9924678175
-1
-1
-1
-1
-0.9999694386
-0.9999857102
-1
-1
-0.9970499395
-0.9887789641
-0.9744036383
-0.9558438015
-0.9294539911
-0.8911202063
-0.8437902129
-0.7870967527
-0.7212292437
-0.6504493828
-0.5729054941
-0.4926595823
-0.4079489439
-0.3169550719
-0.2199165643
-0.1211703478
-0.02310967159
0.07262784047
0.1610190465
0.2422646833
0.3171936437
0.3833167523
0.4394683216
0.4854614889
0.5236750621
0.5543233359
0.5767103347
0.5901156232
0.5936382143
0.5857549409
0.5681589872
0.5423271047
0.5086030828
0.4662727446
0.4168603786
0.3632890823
0.3067970873
0.2488512882
0.1873738886
0.1234154625
0.05799566998
-0.00548050453
-0.06581733172
-0.1213387484
-0.1676773481
-0.2076046798
-0.241711397
-0.2676416653
-0.286344348
-0.2996206111
-0.3080741465
-0.3128986214
-0.3146806215
-0.3109629799
-0.3021088348
-0.288695254
-0.2700456105
-0.246691104
-0.219196077
-0.1894420628
-0.1593139453
-0.1312859846
-0.1084817655
-0.09049958325
-0.07538042539
-0.06446962537
-0.0583843433
-0.05625811037
-0.05639036269
-0.05829424979
-0.06210494452
-0.06668617345
-0.07315443118
-0.08302051154
-0.09550453852
-0.1100856778
-0.126964873
-0.1445704096
-0.1609868814
-0.1765051301
-0.191469597
-0.2060225673
-0.220394438
-0.2350547252
-0.2519869335
