0.2551268129
0.2993731216
0.3416192212
0.3806669069
0.4147861162
0.4437262598
0.468498428
0.4907227536
0.514370941
0.5322224604
0.5402228494
0.5402619765
0.5970888643
0.5846529685
0.5640894687
0.5364998201
0.5271491497
0.4990196566
0.4709220854
0.4388204566
0.401372116
0.3591917102
0.3216630008
0.2898989095
0.2626579883
0.241657994
0.225668433
0.2149885973
0.2131762471
0.2189743208
0.2313664002
0.2504500017
0.276349629
0.3061171469
0.3363885834
0.3632766285
0.38284266
0.3983365072
0.4142756966
0.4322505586
0.4570505192
0.4890726763
0.5281360916
0.5746868018
0.6243208154
0.6763989442
0.7334042578
0.7936922774
0.8554534457
0.9183709758
0.9757405971
1
1
1
1
1
1
1
1
1
1
1
1
1
1
1
1
1
1
1
1
1
1
1
1
1
1
1
1
1
1
1
1
1
1
1
1
1
1
1
1
1
1
1
1
1
1
1
1
1
1
1
1
1
1
1
1
1
1
1
1
1
1
1
1
1
1
1
1
1
1
1
1
1
1
1
1
1
1
1
1
1
1
1
1
1
1
1
1
1
1
1
1
1
1
1
1
1
1
1
1
1
1
1
1
1
1
1
1
0.9990441406
0.9935629696
0.9816822754
0.9661722793
0.9500912795
0.932011449
0.9093927046
0.8822341201
0.8517398678
0.8233520484
0.800306426
0.783019402
0.7715083986
0.7636321383
0.75521833
0.7474947617
0.7428080178
0.7396713474
0.7327912321
0.7188812035
0.7004471366
0.6796679902
0.6569710475
0.6308953729
0.6010352153
0.5767541646
0.5623507519
0.5567000451
0.5601141428
0.5719074355
0.5942885174
0.6265862496
0.6642702847
0.7024076497
0.7380393133
0.7722435549
0.8058887165
0.839250547
0.8698356737
0.8963983654
0.9192105507
0.9396128868
0.9582950349
0.9763375896
0.9916950094
0.9988523205
1
1
1
1
1
0.9987753377
0.9938757626
0.9842297674
0.9690578586
0.9493283401
0.9254813447
0.9003375085
0.8744978179
0.8494338006
0.8287366148
0.8120675364
0.7961143396
0.7819162914
0.7729783638
0.7699003276
0.7722565783
0.7805417154
0.793350312
0.8110884086
0.8340456456
0.8608701365
0.8890591899
0.9175413565
0.9432972923
0.9619521781
0.9730444648
0.9755421784
0.9703964322
0.9613125268
0.9527729993
0.9433210238
0.9305756341
0.916611023
0.8988733316
0.8732048551
0.8441107047
0.814655372
0.782691907
0.74734971
0.707428545
0.661500874
0.6130299364
0.5549785259
0.4841366357
0.4162166456
0.3458814524
0.2722169003
0.2009179034
0.1364091314
0.07661911921
0.02146592609
-0.003754503246
-0.05402456574
-0.1211203304
-0.1615295834
-0.1969619601
-0.2268593502
-0.2515123635
-0.2746872938
-0.2977079113
-0.3220587963
-0.347896519
-0.3724140456
-0.3943707385
-0.4149237408
-0.4317808481
-0.4416731301
-0.4444157705
-0.4440334904
-0.4447047741
-0.4437626906
-0.4383694708
-0.4272001435
-0.4105329752
-0.3888428858
-0.3620817464
-0.3301504926
-0.2929027702
-0.250334846
-0.2029012508
-0.1503931184
-0.09419702083
-0.03710118744
0.02112444361
0.08283182889
0.1541600778
0.2350763171
0.3218323918
0.4103240221
0.4969075513
0.5820593172
0.667522024
0.7515428962
0.8306057326
0.9033763588
0.969063068
0.9990135791
1
1
1
1
1
1
1
1
0.9986650151
0.9965605501
0.9930353194
0.9855881366
0.9719197064
0.9525496915
0.9273754674
0.8958915527
0.8588303254
0.8177578922
0.7736172627
0.727060417
0.6758975146
0.6203070627
0.5628991816
0.507414827
0.4581433268
0.4200689082
0.3923728917
0.3706465103
0.3520345149
0.3311652756
0.3114756376
0.3010436371
0.3026880578
0.3138425674
0.3261392288
0.3368685968
0.3482600164
0.3628078441
0.3780237431
0.3881180035
0.3959143871
0.406801425
0.4202749673
0.4321300777
0.4405962111
0.4449519871
0.4453781126
0.4410354757
0.4289414873
0.4099013984
0.3838285021
0.3482297443
0.300794977
0.2411351336
0.1714011148
0.09639760572
0.02081086195
-0.05541649182
-0.1339549304
-0.2131875774
-0.2899516977
-0.3650198824
-0.4390246634
-0.5108196636
-0.5792912379
-0.645027436
-0.7105748816
-0.7754252573
-0.8358649271
-0.8887044905
-0.9342537305
-0.9733714967
-0.9954922844
-1
-1
-1
-1
-1
-1
-1
-1
-0.9987778845
-0.9898342266
-0.9735625065
-0.9551947142
-0.9339753771
-0.9084993575
-0.8783683711
-0.8421035389
-0.7985974671
-0.749983851
-0.6985761666
-0.6443668314
-0.5875625991
-0.5272117778
-0.4625190142
-0.3956335737
-0.3321962655
-0.2743161849
-0.2211634668
-0.1735431885
-0.1300215899
-0.08870818043
-0.04909755826
-0.008981130004
0.03168811427
0.07289176545
0.1110682585
0.1459868551
0.181665099
0.2193096298
0.2602766169
0.3038449984
0.3465896068
0.3880965005
0.4324079391
0.482913652
0.54335911
0.6128351064
0.6871036547
0.7630921015
0.8409214197
0.9190631837
0.9788816086
1
1
1
1
1
1
1
1
1
1
1
1
1
1
1
1
1
1
1
1
1
1
1
1
1
1
1
1
1
1
1
1
1
1
1
1
1
1
1
1
1
1
1
1
1
1
1
1
1
1
1
1
1
1
1
1
1
1
1
1
1
1
1
1
1
1
1
1
1
1
1
1
1
1
1
1
1
1
1
1
1
1
1
1
1
1
1
1
1
1
1
1
1
1
1
1
1
1
1
1
1
1
1
1
1
1
1
1
1
1
1
0.9991013278
0.9975638725
0.9973769144
0.998976882
1
0.9991684706
0.9965561511
0.993894169
0.9926194969
0.9934430386
0.9929871618
0.9890838475
0.9831907899
0.9798789114
0.976732922
0.9710864406
0.9646500469
0.9592412859
0.9534569302
0.9463553593
0.9371378628
0.9243330864
0.9056672609
0.8802523645
0.8495522846
0.8160210921
0.7823899957
0.7498686663
0.7203442807
0.6932517393
0.6669867335
0.6420986768
0.6169113136
0.5895786208
0.5618630981
0.5361628445
0.5143123068
0.4946035099
0.4753125326
0.4566835488
0.4400172777
0.4266631455
0.4166925784
0.409840883
0.4058114444
0.4028511397
0.4026961613
0.4069540592
0.412
0.4163424516
0.417486803
0.4133105183
0.40398377
0.392084409
0.3771013973
0.3591791498
0.3390299596
0.3169271442
0.295010303
0.274484534
0.2546948474
0.233307248
0.2080135414
0.1801715037
0.1518542711
0.1238613356
0.0979853892
0.07699888144
0.06391195316
0.0572066878
0.05346809413
0.05232045802
0.05506877438
0.06326249812
0.07690085868
0.09598718787
0.1189675992
0.1453556689
0.1749110213
0.2048677836
0.2350367983
0.2640296991
0.2869336849
0.3020870136
0.3130766181
0.3224714932
0.3316337705
0.3418090944
0.3507579038
0.356547382
0.3601578146
0.3618553708
0.3647737113
0.3691210076
0.372123537
0.3745563074
0.3776753528
0.384902093
0.3997989477
0.4245931491
0.4571091534
0.4948725444
0.5377461422
0.5862454418
0.6405751132
0.6999803202
0.7641718857
0.8311987312
0.8957635762
0.9552308325
0.9917286966
1
1
1
1
1
1
1
1
1
1
0.9989715569
0.9926943959
0.9766501511
0.9511021845
0.9218008752
0.8899498744
0.8555812486
0.8184949585
0.7760985379
0.7253807462
0.6651973768
0.5955196624
0.5187310003
0.4398447322
0.3553448016
0.2609425176
0.1560426965
0.04447391631
-0.06780184614
-0.1814904119
-0.2973597236
-0.4106217659
-0.5204615491
-0.6277420326
-0.7325055277
-0.8343499878
-0.9342959263
-0.99148131
-1
-1
-1
-1
-1
-1
-1
-1
-1
-1
-1
-1
-1
-1
-1
-1
-1
-1
-1
-1
-1
-1
-1
-1
-1
-1
-1
-1
-1
-1
-1
-1
-1
-1
-1
-1
-1
-1
-1
-1
-1
-1
-1
-1
-1
-1
-1
-1
-1
-1
-1
-1
-1
-1
-1
-1
-1
-1
-1
-1
-1
-1
-1
-1
-1
-1
-1
-1
-1
-1
-1
-1
-1
-1
-1
-1
-1
-1
-1
-1
-1
-1
-1
-1
-1
-1
-1
-0.9926007432
-0.9725766644
-0.941977183
-0.9037166456
-0.8579183404
-0.8041516271
-0.7417102902
-0.6725653196
-0.6010180244
-0.527866652
-0.4527577185
-0.3756541507
-0.2992937847
-0.2265893608
-0.159177095
-0.09628351354
-0.03720826508
0.01752968972
0.06790227099
0.1149545773
0.1586886453
0.1985837925
0.2332127705
0.261290879
0.2858283748
0.3043972194
0.3113034972
0.3071035678
0.2929165171
0.268874084
0.2349026863
0.1910559514
0.1387831084
0.08050250049
0.01932413821
-0.04263144948
-0.1020561482
-0.1592680128
-0.2167259472
-0.2744138604
-0.3355483718
-0.3994004029
-0.4641882373
-0.5309097276
-0.5965904171
-0.6595062686
-0.7205795701
-0.7811590243
-0.8404298878
-0.897148513
-0.9507169235
-0.9883171457
-1
-1
-1
-1
-1
-1
-1
-1
-1
-1
-1
-0.9942067305
-0.9751632844
-0.9487869141
-0.921087714
-0.8916152484
-0.8598764224
-0.8269647963
-0.7934285102
-0.7599887709
-0.728220599
-0.6988377343
-0.6703239063
-0.641212044
-0.6272700068
-0.605432724
-0.5845753794
-0.5651819803
-0.5461038051
-0.5267876781
-0.507554843
-0.4911230219
-0.4772544366
-0.4627130049
-0.4451949458
-0.4256235023
-0.4059583193
-0.3873867254
-0.3743597409
-0.3686818298
-0.366367717
-0.3655215146
-0.3646513203
-0.362049159
-0.3588032657
-0.3561746524
-0.354999016
-0.3563303833
-0.3604351551
-0.3669863862
-0.3739067293
-0.379730271
-0.3847747242
-0.3879641538
-0.388454065
-0.3876413762
-0.3864960698
-0.3863395576
-0.3874442309
-0.3887143304
-0.3903884445
-0.3912436475
-0.3901846428
-0.3896239422
-0.3920950882
-0.396816127
-0.4034722688
-0.4121988123
-0.4223699686
-0.4330191994
-0.4403770418
-0.4420636294
-0.4378517185
-0.4266933598
-0.4063147842
-0.3770337045
-0.3396397439
-0.2944402544
-0.2411638285
-0.1798933818
-0.1127779265
-0.04101308634
0.03312520982
0.1068505233
0.1785959911
0.2478878657
0.3142885753
0.3775406619
0.4385577023
0.4982168945
0.5556857831
0.6112696943
0.6669162914
0.7222800783
0.7763749233
0.8247847377
0.8645823252
0.8939125754
0.9138121505
0.9297333387
0.9439485778
0.9558420638
0.9649105727
0.9703371612
0.9703709642
0.9658345971
0.9570787655
0.9444078696
0.9271081694
0.9052883669
0.8796479631
0.8511976894
0.8214399824
0.7882417258
0.7494112846
0.706831321
0.663848616
0.6233161617
0.5864035169
0.5490918352
0.5076697383
0.4636098538
0.4158433662
0.3637011912
0.3068125383
0.2454549506
0.1807975383
0.1128869034
0.04562605634
-0.01671908282
-0.07280691079
-0.1225672441
-0.167714423
-0.2091418016
-0.2475043122
-0.2824897839
-0.3126571779
-0.3358026174
-0.3510924314
-0.3600256127
-0.3627382992
-0.3609522707
-0.3576299735
-0.3547789496
-0.3515216536
-0.346245818
-0.3376744267
-0.325174253
-0.3088959923
-0.2897059607
-0.2686486346
-0.2459036211
-0.2206778243
-0.1937330262
-0.1667291018
-0.1416717988
-0.1195406576
-0.1006447522
-0.08631707049
-0.07797081746
-0.07559312886
-0.07843926178
-0.08602896403
-0.09513102983
-0.1026646736
-0.1074102833
-0.1082031042
-0.1047908298
-0.09841300516
-0.08801396832
-0.07050715274
-0.04683060469
-0.01905074639
0.0134625619
0.05353664422
0.1034252833
0.1609905305
0.2235637365
0.2906079032
0.3590543857
0.4261989338
0.4915826031
0.5577479365
0.6245224755
0.6857980737
0.7394032391
0.7867817742
0.8285653427
0.8657037264
0.8973747149
0.9234406075
0.9466383432
0.9681823391
0.9892608499
0.9997866478
1
1
1
1
1
1
1
1
1
1
1
1
1
1
1
1
1
1
1
1
1
1
1
1
1
1
1
0.9986562171
0.989886899
0.9709397104
0.9396762094
0.8933115891
0.8354984777
0.7644029497
0.6776085572
0.5792085248
0.4707252584
0.3515474399
0.2250539024
0.09653812093
-0.03131074329
-0.1558125007
-0.2763106456
-0.3914936677
-0.5003449753
-0.6025806582
-0.6981247468
-0.7861350613
-0.864744452
-0.9327290671
-0.9822213862
-1
-1
-1
-1
-1
-1
-0.9986643205
-0.9896840814
-0.9701161687
-0.9432454302
-0.9110429135
-0.8733492701
-0.8302425246
-0.7829706655
-0.7325426299
-0.6806619358
-0.6272873135
-0.5744500654
-0.522806455
-0.470754865
-0.4201940486
-0.3683453631
-0.3131961439
-0.2578264821
-0.206500165
-0.1622369129
-0.125517926
-0.09655174485
-0.07693830817
-0.06642925257
-0.06212604042
-0.0590299596
-0.05253384998
-0.04270603736
-0.03198187505
-0.02015038224
-0.00612677697
0.00911440999
0.02475344722
0.04258166393
0.06172601959
0.08229383964
0.1034390737
0.1246836617
0.1463751404
0.1686451761
0.1922163649
0.2179270661
0.2469710475
0.2804664691
0.3198042728
0.3632204543
0.4095104071
0.4535660373
0.4882434623
0.515747485
0.5364146881
0.5521732285
0.5650749569
0.5739816283
0.5802287487
0.5856496649
0.5911246426
0.5945958696
0.5958891217
0.5974534341
0.59933326
0.5978298971
0.5911432226
0.5801170369
0.5665061991
0.5531443687
0.5396218006
0.5220815438
0.5004108447
0.4759569881
0.4505620319
0.4209593902
0.3862246044
0.3541816966
0.3248480314
0.2995944225
0.274733223
0.2476815172
0.2209615897
0.1951547324
0.1720844669
0.1532173721
0.1366206314
0.1219329613
0.110551577
0.1040236071
0.1032939641
0.1078663481
0.1185875838
0.1392607486
0.1730944601
0.2211967198
0.2777497308
0.3347959957
0.390701469
0.445942315
0.499972564
0.5524989871
0.6047881528
0.655487075
0.7025785745
0.7435959043
0.7761422386
0.7996104558
0.8150549877
0.8279931236
0.8413929245
0.8536375792
0.8665831819
0.8803967216
0.8943057083
0.9081986039
0.9201028559
0.9295170925
0.9361790514
0.9393756873
0.9412136647
0.9421477027
0.9419790931
0.9410936758
0.9375364366
0.9316140907
0.9240232453
0.9123868122
0.8956724703
0.8748187143
0.8519157705
0.8301614901
0.8119177963
0.7965903013
0.7824682519
0.7690452404
0.7568477594
0.7471731128
0.740752868
0.739676904
0.7447538868
0.7535673686
0.7652295591
0.7783309216
0.7907007745
0.8011764468
0.8086835952
0.8123431115
0.8118493222
0.8087180348
0.8049664286
0.7993068659
0.7920315919
0.7849165345
0.7766194737
0.7668402927
0.7587167614
0.7522863295
0.7459087436
0.74306345
0.7434831506
0.7437646875
0.7485957306
0.7532182258
0.7676127247
0.7917948555
0.8125272334
0.8339790815
0.8557605084
0.8777587025
0.8972799625
0.9120142273
0.9213282706
0.9254864962
0.9246727944
0.9167270759
0.8983428452
0.8676603035
0.8235551555
0.7713236979
0.7154815184
0.6555538127
0.5924711459
0.5256090898
0.4581870275
0.3963072595
0.3432744001
0.2974523054
0.2555469826
0.2159852344
0.1788206736
0.1429046948
0.1063354841
0.08801722416
0.05522463911
0.008793098396
-0.02130955129
-0.05108025812
-0.07596493957
-0.09348031441
-0.09949359249
-0.09569704832
-0.08901731967
-0.08540754547
-0.08670713566
-0.08925990936
-0.09181800817
-0.09439099707
-0.09712021607
-0.1015232598
-0.1084032231
-0.1186247366
-0.1324684689
-0.1486357703
-0.1685763837
-0.1935192399
-0.2231123022
-0.2574725351
-0.2936632787
-0.3300472315
-0.367803995
-0.4033748538
-0.4325884433
-0.4451964796
-0.4630430467
-0.4869139761
-0.4972654921
-0.5003766945
-0.4959475823
-0.4840973629
-0.4628850873
-0.4315764676
-0.3941113703
-0.3586540755
-0.3283681396
-0.3012130859
-0.2776754686
-0.2598540801
-0.2490975076
-0.2431306796
-0.2376379756
-0.2359306085
-0.24188832
-0.2539477675
-0.2693957723
-0.2850843916
-0.2991502958
-0.3135254043
-0.3317811954
-0.3539089867
-0.3782241587
-0.4065872047
-0.4404963361
-0.4789341653
-0.519726335
-0.5630806409
-0.6128723823
-0.6697158584
-0.7308281722
-0.7941699756
-0.8601813436
-0.9291236123
-0.9820331547
-1
-1
-1
-1
-1
-1
-1
-1
-1
-1
-1
-1
-1
-1
-1
-1
-1
-1
-1
-1
-1
-1
-1
-1
-1
-1
-1
-1
-1
-1
-1
-1
-1
-1
-1
-1
-1
-1
-1
-1
-1
-1
-1
-0.9956438188
-0.981654608
-0.9582647049
-0.9282257504
-0.8963686721
-0.8663169837
-0.8381614438
-0.8103701538
-0.7821295278
-0.7565765834
-0.7357663545
-0.7180009377
-0.7028366693
-0.6912878691
-0.6828683885
-0.6753830615
-0.6676664969
-0.6607096882
-0.6564544528
-0.6529994906
-0.6487272959
-0.6440112638
-0.6384758575
-0.6328205202
-0.6275245708
-0.6228312284
-0.6191560261
-0.6165868284
-0.6171095586
-0.620427862
-0.626226746
-0.63245546
-0.6310899135
-0.6179146939
-0.596071565
-0.5687432712
-0.5355523656
-0.4970534712
-0.4540809534
-0.4086589954
-0.3647058449
-0.3205183601
-0.2721003265
-0.2215405954
-0.1712899384
-0.1196568191
-0.06542578546
-0.01030229472
0.04505926007
0.1012793967
0.1583610925
0.2187708664
0.282509782
0.3457415811
0.4070754662
0.4653389845
0.5220332126
0.5799901601
0.6379780744
0.6932550386
0.7449191392
0.7916162324
0.8294436984
0.8566861535
0.8752830418
0.8885820127
0.8975514279
0.9019598764
0.899692069
0.8887063427
0.8659085121
0.8340243451
0.7947344385
0.7487638193
0.6968683074
0.6404723152
0.5755361587
0.5021206719
0.4244920007
0.3423688399
0.2592587083
0.1787835135
0.1027940827
0.03279730242
-0.02949436304
-0.08271181106
-0.1266094023
-0.1598525317
-0.1783119508
-0.1791999004
-0.1647952867
-0.1436470428
-0.1238870206
-0.1066305147
-0.08900311693
-0.07103184365
-0.05541598897
-0.03754049191
-0.01412769928
0.01181690028
0.03927943722
0.06882480494
0.1023896484
0.1419278243
0.1868195855
0.2348364261
0.2844391836
0.3346286885
0.3853244562
0.4346429564
0.4787411007
0.5159597953
0.5472682704
0.5761321093
0.6003564359
0.6157767732
0.6214464652
0.6172804834
0.606571374
0.5952208768
0.5852198928
0.5739346283
0.5613729553
0.5479554426
0.525700485
0.4849013984
0.4241898869
0.3522347279
0.2798872463
0.2120263536
0.1489326025
0.08975262783
0.03627208189
-0.01210421086
-0.05896938634
-0.1034301309
-0.1462999375
-0.1899931989
-0.2311726266
-0.2680332936
-0.3021163886
-0.3342664066
-0.3707384555
-0.4180512659
-0.4746727365
-0.5340452983
-0.5921233923
-0.6488872232
-0.7050174224
-0.762853455
-0.8219872544
-0.8836102011
-0.9501070234
-0.9922098098
-1
-1
-1
-1
-1
-1
-1
-1
-1
-1
-1
-1
-1
-1
-1
-1
-1
-1
-1
-1
-1
-1
-1
-1
-1
-1
-1
-1
-1
-1
-1
-1
-1
-1
-1
-1
-1
-1
-1
-1
-1
-1
-1
-1
-1
-1
-1
-1
-1
-1
-1
-1
-1
-1
-1
-1
-1
-1
-1
-1
-1
-1
-1
-1
-1
-1
-1
-1
-1
-1
-1
-1
-1
-1
-1
-1
-1
-1
-1
-1
-1
-1
-1
-1
-1
-1
-1
-1
-1
-1
-1
-1
-1
-1
-1
-1
-1
-1
-1
-1
-1
-1
-1
-1
-1
-1
-1
-1
-1
-1
-1
-1
-1
-1
-1
-1
-1
-1
-1
-1
-1
-1
-1
-1
-1
-1
-1
-1
-1
-1
-1
-1
-1
-1
-1
-1
-1
-1
-1
-1
-1
-1
-1
-1
-1
-1
-1
-1
-1
-1
-1
-1
-1
-1
-1
-1
-1
-1
-1
-1
-1
-1
-1
-1
-1
-1
-1
-1
-1
-1
-1
-1
-1
-1
-1
-1
-1
-1
-1
-0.9998140838
-0.9972413554
-0.9894781381
-0.9761193753
-0.9567104639
-0.9332274869
-0.9110698286
-0.8937413611
-0.8843465149
-0.883185812
-0.8898226503
-0.9089605594
-0.9354098607
-0.9578619636
-0.9741920285
-0.9854859174
-0.992663487
-0.996396629
-0.9976813725
-0.9980666335
-0.9983900768
-0.9986587639
-0.998882419
-0.999068451
-0.9992229953
-0.9993529977
-0.9994608893
-0.9995471331
-0.9996222636
-0.9996855863
-0.9997374483
-0.9997800493
-0.9998132734
-0.9998466133
-0.9998719655
-0.9998897931
-0.9999075049
-0.9999252168
-0.9999374877
-0.999944202
-0.999951032
-0.9999578621
-0.9999645764
-0.9999714064
-0.9999781207
-0.9999822882
-0.9999836773
-0.9999849507
-0.9999863399
-0.9999877291
-0.9999891182
-0.9999903916
-0.9999917808
-0.99999317
-0.9999945591
-0.9999958325
-0.9999972217
-0.9999979163
-0.999998032
-0.9999981478
-0.9999981478
-0.9999982635
-0.9999982635
-1
-0.9999984951
-0.9999984951
-0.9999986108
-0.9999986108
-0.9999987266
-0.9999988424
-0.9999988424
-0.9999989581
-0.9999989581
-0.9999990739
-0.9999991897
-0.9999991897
-0.9999993054
-0.9999993054
-0.9999994212
-0.9999995369
-0.9999995369
-0.9999996527
-0.9999996527
