1
1
1
1
1
1
1
1
1
1
1
1
1
1
1
1
1
1
1
1
1
1
1
1
1
1
1
1
1
1
1
1
1
1
1
1
1
1
1
1
1
1
1
1
1
1
1
1
1
1
1
1
1
1
1
1
1
1
1
1
1
1
1
1
1
1
1
1
1
1
1
1
1
1
1
1
1
1
1
1
1
1
1
1
1
1
1
1
1
1
1
1
1
1
1
1
1
1
1
1
1
1
1
1
1
1
0.9969503644
0.9759259403
0.9363976204
0.8849151492
0.8216375454
0.7485007303
0.6630604745
0.570580684
0.4768231728
0.382671378
0.2918444374
0.2061200359
0.1228029874
0.04614914729
0.0289148243
-0.07183206078
-0.1362128998
-0.1797215151
-0.2250345973
-0.265524776
-0.3004273342
-0.3256487745
-0.3451070476
-0.360347983
-0.3734545289
-0.3863629779
-0.3983880429
-0.4090176752
-0.4129736165
-0.4109713182
-0.4030774493
-0.3886383989
-0.3693943526
-0.3504447589
-0.3335807665
-0.3168731133
-0.2994881318
-0.2845078767
-0.2704457065
-0.25664679
-0.2448388966
-0.2322768451
-0.2151271152
-0.1916292661
-0.1639539797
-0.1379114204
-0.1137873523
-0.09174746623
-0.07351714415
-0.05882030528
-0.04721684606
-0.03738451911
-0.03489691735
-0.04140917216
-0.05303529764
-0.06805886896
-0.08609652614
-0.1072373557
-0.1281840613
-0.1485857418
-0.1704437407
-0.1961673473
-0.2242648132
-0.2502338323
-0.2761610141
-0.300376636
-0.3195135291
-0.333403177
-0.3421851788
-0.3499296858
-0.3549374479
-0.3581322802
-0.3603157495
-0.3617811674
-0.3651994854
-0.3707238327
-0.3795634568
-0.3914955354
-0.4057050778
-0.4225108642
-0.4383459043
-0.4527240691
-0.4653206622
-0.475292094
-0.4815659302
-0.4825978273
-0.4803117679
-0.4749865787
-0.4664163365
-0.4572440306
-0.451742207
-0.449598824
-0.4522132143
-0.4656242144
-0.4895510346
-0.5215133655
-0.5596073337
-0.6010641995
-0.6445936141
-0.6893050836
-0.7316488884
-0.775212208
-0.8198966172
-0.8659031046
-0.9120612355
-0.9600937918
-0.9934333826
-1
-1
-1
-1
-1
-1
-1
-1
-1
-1
-1
-1
-1
-1
-1
-1
-1
-1
-1
-1
-1
-1
-1
-1
-1
-1
-1
-1
-1
-1
-1
-1
-1
-1
-1
-1
-1
-1
-1
-1
-1
-1
-1
-1
-1
-1
-1
-1
-1
-1
-1
-1
-1
-1
-1
-1
-1
-1
-1
-1
-1
-1
-1
-1
-1
-1
-1
-1
-1
-1
-1
-1
-1
-1
-1
-1
-1
-1
-1
-1
-1
-1
-1
-1
-1
-1
-1
-1
-1
-1
-1
-1
-1
-1
-1
-1
-1
-1
-1
-1
-1
-1
-1
-1
-1
-1
-0.9867828255
-0.9566867489
-0.9138092207
-0.8614996083
-0.8015830451
-0.732457512
-0.6596885568
-0.5824386919
-0.5021420565
-0.4156037123
-0.3220319351
-0.2276536302
-0.136271265
-0.04234595377
0.05372659714
0.1498488447
0.2408318858
0.3330667281
0.4183222314
0.5014510654
0.5738664865
0.6377430235
0.6961281895
0.7488273632
0.7983400614
0.8102526673
0.8863318852
0.9436787341
0.9879231757
0.9994569913
1
1
1
1
1
1
1
1
1
1
1
1
1
1
1
1
1
1
1
1
1
1
1
1
1
1
1
1
1
1
1
1
1
1
1
1
1
1
1
1
1
1
1
1
1
1
1
1
1
1
1
1
1
1
1
1
1
1
1
1
1
1
1
1
1
1
1
1
1
1
1
1
1
1
1
1
1
1
1
1
1
1
1
1
1
1
1
1
1
1
1
1
1
1
1
1
1
1
1
1
1
1
1
1
1
1
1
1
1
1
1
1
1
1
1
1
1
1
1
1
1
1
1
1
1
1
1
1
1
1
1
1
1
1
1
1
1
1
1
1
1
1
1
1
1
1
1
1
1
1
1
1
1
1
1
1
1
1
1
1
1
1
1
1
1
1
1
1
0.9961932084
0.9816189895
0.9546207264
0.9188332984
0.9105651759
0.821162824
0.7431480033
0.6698853315
0.5957971102
0.5203206458
0.4420307392
0.3659937829
0.2892463098
0.2106674556
0.13268971
0.05861158994
-0.005098102112
-0.06090349911
-0.1101535074
-0.1584503521
-0.2066519818
-0.2523703175
-0.292208769
-0.3282568772
-0.3604725662
-0.388153384
-0.4120668863
-0.4336946211
-0.4556244489
-0.4800590996
-0.5051303025
-0.5343798181
-0.5675037229
-0.6008528113
-0.6322792964
-0.6617932065
-0.6918213141
-0.7182106159
-0.7408595562
-0.7596274219
-0.7803042016
-0.8044460711
-0.8297294581
-0.8562132054
-0.8823350883
-0.9034371912
-0.918732698
-0.9296084723
-0.9371697391
-0.9437615066
-0.9484182018
-0.9495500626
-0.9410333041
-0.9384068694
-0.9095869748
-0.8834584065
-0.8570184862
-0.8307505841
-0.8058727823
-0.7827537367
-0.7646755356
-0.7485406839
-0.7348559509
-0.7219325657
-0.7095926203
-0.6975915647
-0.6870744181
-0.6771764203
-0.6654255923
-0.6533299319
-0.6436154662
-0.6359670761
-0.6317991099
-0.6313712929
-0.6372887299
-0.652613207
-0.6768627338
-0.7105868453
-0.7189139167
-0.7832770074
-0.8374996724
-0.8882203183
-0.9427331115
-0.9902608617
-1
-1
-1
-1
-1
-1
-1
-1
-1
-1
-1
-1
-1
-1
-1
-1
-1
-1
-1
-1
-1
-1
-1
-1
-1
-1
-1
-1
-1
-1
-1
-1
-1
-1
-1
-1
-1
-1
-1
-1
-1
-1
-1
-1
-1
-1
-1
-1
-1
-1
-1
-1
-1
-1
-1
-1
-1
-1
-1
-1
-1
-1
-1
-1
-1
-1
-1
-1
-1
-1
-1
-1
-1
-1
-1
-1
-1
-1
-1
-1
-1
-1
-1
-1
-1
-1
-1
-1
-1
-1
-1
-1
-1
-1
-1
-1
-1
-1
-1
-1
-1
-1
-1
-1
-1
-1
-1
-1
-1
-1
-1
-1
-1
-1
-1
-1
-1
-1
-1
-1
-1
-1
-1
-1
-1
-1
-1
-1
-1
-1
-1
-1
-1
-1
-1
-1
-1
-1
-0.992304281
-0.967413745
-0.9254751539
-0.870592113
-0.8036078936
-0.7265963709
-0.6443877972
-0.5542330646
-0.4572786783
-0.3560337058
-0.2493605295
-0.1389467132
-0.02826230782
0.08361368976
0.1918894157
0.3014957625
0.4057745855
0.5200280769
0.6339624962
0.7352064606
0.8290000521
0.9201989384
0.9868895808
1
1
1
1
1
1
1
1
1
1
1
1
1
1
1
1
1
1
1
1
1
1
1
1
1
1
1
1
1
1
1
1
1
1
1
1
1
1
1
1
1
1
1
1
1
1
1
1
1
1
1
1
1
1
1
1
1
1
1
1
1
1
1
1
1
1
1
1
1
1
1
1
1
1
1
1
1
1
1
1
1
1
1
1
1
1
1
1
1
1
1
1
1
1
1
1
1
1
1
1
1
1
1
1
1
1
1
1
1
1
1
1
1
1
1
1
1
1
1
1
1
1
1
1
1
1
1
1
1
1
1
1
1
1
1
1
1
1
1
1
1
1
1
1
1
1
0.9931391158
0.96904882
0.9282315838
0.8706318544
0.801619656
0.7225223197
0.634198557
0.5387092968
0.4326844253
0.3220309005
0.2121761699
0.1021216512
-0.009804266048
-0.1224905743
-0.235644465
-0.3440114264
-0.4456803957
-0.5397808291
-0.6232101378
-0.699832842
-0.7665182846
-0.8249121524
-0.8762174586
-0.9233148981
-0.9654557512
-0.9944628389
-1
-1
-1
-1
-1
-1
-1
-1
-1
-1
-1
-1
-1
-1
-1
-1
-1
-1
-1
-1
-1
-1
-1
-1
-1
-1
-1
-1
-1
-1
-1
-1
-1
-1
-1
-1
-1
-1
-1
-1
-1
-1
-1
-1
-1
-1
-1
-1
-1
-1
-1
-1
-1
-1
-1
-1
-1
-1
-1
-1
-1
-1
-1
-1
-1
-1
-1
-1
-1
-1
-1
-1
-1
-1
-1
-1
-1
-1
-1
-1
-1
-1
-1
-1
-1
-1
-1
-1
-1
-1
-1
-1
-1
-1
-1
-1
-1
-1
-1
-1
-1
-1
-1
-1
-1
-1
-1
-1
-1
-1
-1
-1
-1
-1
-1
-1
-1
-1
-1
-0.99792188
-0.9973251752
-0.9724699767
-0.9652168782
-0.9282430446
-0.8978137557
-0.8702336444
-0.8420543877
-0.8112178688
-0.7773716148
-0.7446107417
-0.7084939217
-0.6686456543
-0.6236709577
-0.5765609432
-0.5284859925
-0.4810444636
-0.4318787996
-0.3822264229
-0.3359557267
-0.2917378943
-0.246032253
-0.203228769
-0.1648871599
-0.1323317323
-0.09877347091
-0.06536849118
-0.03399680965
-0.005109240002
0.02034970401
0.04310404165
0.06432074933
0.08109763164
0.09544029976
0.1061277269
0.1176936301
0.1295277877
0.1413150012
0.1518819439
0.1620235104
0.1728980245
0.1812534296
0.1865246708
0.1857450707
0.1781498725
0.1646199931
0.14663641
0.1296333094
0.1121193009
0.09392121237
0.07861652631
0.06646082935
0.05785056722
0.05577460272
0.05441184125
0.05061338327
0.04543765873
0.0431761459
0.04534424454
0.05099949901
0.05939268897
0.07357908423
0.08529877976
0.09794577919
0.1205853745
0.1649625041
0.1990223084
0.2295352983
0.2657939988
0.3046314868
0.3455057882
0.3896852321
0.435168051
0.4467368061
0.519585244
0.579441638
0.6260155415
0.6730717008
0.7201297172
0.7659837653
0.8142974828
0.8661434101
0.9184765278
0.9703958891
0.9961286883
1
1
1
1
1
1
1
1
1
1
1
1
1
1
1
1
1
1
1
1
1
1
1
1
1
1
1
1
1
1
1
1
1
1
1
1
1
1
1
1
1
1
1
1
1
1
1
1
1
1
1
1
1
1
1
1
1
1
1
1
1
1
1
1
1
1
1
1
1
1
1
1
1
1
1
1
1
1
1
1
1
1
1
1
1
1
1
1
1
1
1
1
1
1
1
1
1
1
1
1
1
1
1
1
1
1
1
1
1
1
1
1
1
1
1
1
1
1
1
1
1
1
1
1
0.9991481862
0.985107001
0.9579101899
0.9177330611
0.8674486686
0.8104722797
0.7471315354
0.6801198843
0.6116495273
0.5428091879
0.4694455442
0.39452729
0.3174285114
0.2374519296
0.1598674462
0.09147314972
0.02784902571
-0.03516091051
-0.0958038421
-0.1588843638
-0.2169930113
-0.2647031529
-0.3067019663
-0.3450943665
-0.3784450201
-0.4081783304
-0.4328531273
-0.4517521291
-0.4643227231
-0.4729703257
-0.4793320812
-0.4831804713
-0.4820238319
-0.4753880783
-0.4634800355
-0.449665944
-0.4351305646
-0.4229638578
-0.4142930683
-0.4079814008
-0.4030674476
-0.3984887229
-0.3953512477
-0.3943651409
-0.3960661951
-0.4009787157
-0.4098557467
-0.4223807363
-0.4427363481
-0.4691986063
-0.4972985925
-0.5277354689
-0.5611731663
-0.5940914664
-0.6263202079
-0.6599159689
-0.6930540936
-0.7253103199
-0.756961405
-0.790340578
-0.8259852234
-0.8657828723
-0.9102892676
-0.9615094136
-0.9938698483
-1
-1
-1
-1
-1
-1
-1
-1
-1
-1
-1
-1
-1
-1
-1
-1
-1
-1
-1
-1
-1
-1
-1
-1
-1
-1
-1
-1
-1
-1
-0.9931224552
-0.9765096985
-0.9525811274
-0.9283825906
-0.9023916049
-0.8750048947
-0.8481811966
-0.8213763346
-0.7954771945
-0.7730740779
-0.75201681
-0.7336901323
-0.7194345344
-0.7085820001
-0.6998594778
-0.6938978424
-0.6911442246
-0.6916097137
-0.6925164969
-0.6958722846
-0.7033227636
-0.7138486119
-0.7310001325
-0.7534492516
-0.7817700175
-0.8121548427
-0.8412417847
-0.8670554993
-0.8898469038
-0.9153764859
-0.9434293554
-0.9734498756
-0.9954947359
-1
-1
-1
-1
-1
-1
-1
-1
-1
-1
-1
-1
-1
-1
-1
-1
-1
-1
-1
-1
-1
-1
-1
-1
-1
-1
-1
-1
-1
-1
-1
-1
-1
-1
-1
-1
-1
-1
-1
-1
-1
-1
-1
-1
-1
-1
-1
-1
-1
-1
-1
-1
-1
-1
-1
-1
-1
-1
-1
-1
-1
-1
-1
-1
-1
-1
-1
-1
-1
-1
-1
-1
-1
-1
-1
-1
-1
-1
-1
-1
-1
-1
-1
-1
-1
-1
-1
-1
-1
-1
-1
-1
-1
-1
-1
-1
-1
-1
-1
-1
-1
-0.9982399173
-0.9835188304
-0.9590224187
-0.9265797421
-0.888622773
-0.8466727741
-0.8010663007
-0.7551614217
-0.7031166282
-0.6499590754
-0.5971613706
-0.5418782096
-0.4839875561
-0.428902943
-0.3781612325
-0.3299543764
-0.2852314462
-0.2469013642
-0.2200196988
-0.200677652
-0.1911464
-0.1880259701
-0.1904284283
-0.1959097975
-0.2013151461
-0.2054849163
-0.2091611157
-0.2123822787
-0.2147384957
-0.2128252972
-0.2087406341
-0.2060061972
-0.2090309613
-0.2179615025
-0.2323795944
-0.2504368902
-0.2671960905
-0.2789036752
-0.2860318455
-0.2880818442
-0.2863155005
-0.2820098455
-0.2879668382
-0.29010075
-0.3246735182
-0.3548106362
-0.3811865404
-0.4054107314
-0.4295219592
-0.4464624896
-0.4621412967
-0.481033215
-0.5003456813
-0.5196177163
-0.5382655619
-0.5588288478
-0.5879585025
-0.6266336291
-0.6757913076
-0.7294941508
-0.7878160171
-0.8419679541
-0.8917431366
-0.9309298608
-0.9572197825
-0.9687504145
-0.9708849896
-0.9683950234
-0.9602315337
-0.9468185705
-0.9292356778
-0.9097286431
-0.8867524331
-0.8629152831
-0.8375980443
-0.8134507097
-0.789559227
-0.7595476738
-0.7232433954
-0.6771831589
-0.6223707929
-0.5613270913
-0.4942191376
-0.4260787829
-0.3565620171
-0.2883931695
-0.2233299881
-0.1603492909
-0.09438469851
-0.02880316103
0.03014250013
0.08386338677
0.1272686161
0.1590027523
0.1801264636
0.1942280701
0.2008539945
0.204189686
0.2047356395
0.2044317292
0.206468662
0.213343713
0.2250618167
0.2410198748
0.2611009845
0.2827264907
0.3075151264
0.3380431852
0.3764785634
0.4219674575
0.471685389
0.5239952667
0.5770613453
0.6297528254
0.6785471009
0.7245500864
0.7647244032
0.8013861951
0.8323021438
0.8590595178
0.883151936
0.9063725371
0.925780457
0.9455463149
0.9652319471
0.9826426093
0.9969997096
1
1
1
1
1
1
1
1
1
1
1
1
1
1
1
1
1
1
1
1
1
1
1
1
1
1
1
1
1
1
1
1
1
1
1
1
1
1
1
1
1
1
1
1
1
1
1
1
1
1
1
1
1
1
1
1
1
1
1
1
1
1
1
1
1
1
1
1
1
1
1
1
1
1
1
1
1
1
1
1
1
1
1
1
0.9967044877
0.987626362
0.9736620066
0.9560950317
0.9332055736
0.9056498696
0.876635778
0.8476226946
0.8150921518
0.7802103928
0.7420207587
0.6981622704
0.6498320514
0.6020408618
0.5558569972
0.5137059567
0.4800376105
0.4468402186
0.4196641538
0.3970759664
0.3782208977
0.3641913324
0.3547081522
0.3477780787
0.345595538
0.3482506778
0.3574013355
0.3705765401
0.3856546895
0.4019679
0.4171380807
0.4302767806
0.4391377611
0.4397790887
0.427958753
0.4058278305
0.3771953678
0.3435584593
0.3058709517
0.2688425467
0.2357712767
0.2026329265
0.1714309087
0.1436977479
0.1191625366
0.09297289037
0.06634538561
0.03505950095
0.0003245715868
-0.0378439628
-0.08073720653
-0.1263091716
-0.1767589764
-0.2229652586
-0.2620237385
-0.3007759602
-0.3401221807
-0.3827971551
-0.4266553781
-0.4702263647
-0.512954478
-0.5554705664
-0.5972015365
-0.6418838233
-0.6878809723
-0.7332141905
-0.7772306894
-0.81719643
-0.8550855894
-0.8919252361
-0.9257084025
-0.9503430867
-0.9657576585
-0.9759667959
-0.9849331787
-0.9910589795
-0.9954675696
-0.9991955151
-1
-1
-1
-1
-1
-1
-1
-1
-1
-1
-1
-1
-1
-1
-1
-1
-1
-1
-1
-1
